0.000000
0.000000
0.000115
0.001937
0.573474
0.609212
0.425575
0.264631
0.000000
0.000000
0.002816
0.001566
0.000082
0.099677
0.045929
0.732086
0.418612
0.490310
0.474735
0.276812
0.345996
0.198835
0.531697
0.000000
0.001617
0.000805
0.000289
0.000004
0.020713
0.006840
0.140688
0.017024
0.000000
0.000000
0.403603
0.141653
0.049678
0.065790
0.000085
0.000341
0.640194
0.197743
0.069680
0.293611
0.000000
0.001149
0.001805
0.000007
0.000015
0.434885
0.573150
0.587548
0.551405
0.142706
0.000000
0.000800
0.000047
0.043705
0.026358
0.514975
0.056300
0.206002
0.585887
0.000000
0.004654
0.243145
0.540998
0.048046
0.026845
0.022547
0.024341
0.000000
0.000000
0.007589
0.115690
0.677767
0.110850
0.265931
0.191318
0.000364
0.013972
0.660464
0.000933
0.261738
0.222922
0.233365
0.000002
0.000000
0.000557
0.000000
0.000000
0.000000
0.000411
0.001154
0.002038
0.000235
0.000070
0.724208
0.712820
0.488438
0.340011
0.520054
0.399091
0.304571
0.249136
0.166022
0.123608
0.273998
0.000245
0.000003
0.001102
0.000004
0.000000
0.000001
0.000031
0.000002
0.000122
0.002710
0.003985
0.000007
0.074448
0.194056
0.049760
0.000423
0.001475
0.011070
0.894377
0.380101
0.700097
0.558432
0.635553
0.395044
0.216390
0.103166
0.259199
0.342163
0.374489
0.488312
0.650163
0.231379
0.297513
0.177059
0.429153
0.703059
0.107275
0.000000
0.001590
0.000112
0.000000
0.000000
0.000052
0.000635
0.000002
0.008113
0.125187
0.100380
0.163886
0.002562
0.007395
0.102609
0.025725
0.000148
0.002234
0.000475
0.042459
0.284254
0.029564
0.000000
0.000000
0.000000
0.000000
0.000000
0.000000
0.061470
0.332933
0.459608
0.868406
0.713301
0.080956
0.159495
0.067436
0.015343
0.029440
0.101654
0.069567
0.000008
0.000082
0.010672
0.004027
0.713036
0.046499
0.050988
0.778846
0.717782
0.240872
0.348840
0.022365
0.040135
0.308216
0.320705
0.000000
0.000000
0.000047
0.000000
0.001437
0.031783
0.068686
0.039749
0.000000
0.015570
0.075100
0.000000
0.018973
0.000001
0.000007
0.058119
0.003607
0.154501
0.915558
0.020597
0.638007
0.161221
0.492163
0.149591
0.423109
0.391410
0.332410
0.802229
0.113141
0.290929
0.315242
0.402272
0.200998
0.425768
0.077861
0.310450
0.182732
0.507919
0.000000
0.000004
0.000000
0.000003
0.000186
0.489334
0.000396
0.000000
0.013934
0.000001
0.003766
0.000137
0.000000
0.001514
0.033004
0.070383
0.021055
0.004694
0.372582
0.000433
0.378525
0.327512
0.533777
0.000139
0.010870
0.000588
0.001853
0.293809
0.224479
0.279110
0.432978
0.177025
0.414871
0.344962
0.231983
0.012775
0.474083
0.112384
0.180785
0.137685
0.011383
0.103158
0.397860
0.484093
0.432777
0.088033
0.140815
0.573343
0.100568
0.019652
0.907874
0.342321
0.825684
0.571094
0.000000
0.000000
0.000049
0.000000
0.000610
0.001954
0.186946
0.022710
0.000000
0.003855
0.000000
0.000000
0.144611
0.439345
0.001159
0.000257
0.632249
0.266013
0.208039
0.295818
0.000141
0.000065
0.000312
0.719755
0.642488
0.691081
0.001053
0.000173
0.000666
0.612290
0.393098
0.667324
0.291269
0.205548
0.290275
0.000191
0.000088
0.000011
0.000000
0.000000
0.000000
0.038368
0.006351
0.000502
0.302682
0.380404
0.470615
0.292605
0.359596
0.192271
0.000023
0.000000
0.000000
0.000008
0.000168
0.000003
0.031222
0.033512
0.016394
0.002339
0.006293
0.005462
0.732951
0.880674
0.808261
0.540028
0.440797
0.679532
0.376752
0.300812
0.359019
0.350099
0.504381
0.537998
0.718752
0.615936
0.432848
0.000000
0.000000
0.000000
0.000125
0.000002
0.000251
0.085596
0.179679
0.034661
0.048024
0.218268
0.038505
0.094598
0.137123
0.110797
0.000000
0.000000
0.000000
0.907010
0.884331
0.785849
0.030760
0.042936
0.031111
0.103048
0.213151
0.011366
0.464483
0.620654
0.556064
0.083851
0.151029
0.095047
0.000000
0.000000
0.000024
0.000249
0.000000
0.000001
0.000000
0.000000
0.000000
0.000009
0.000087
0.000057
0.449943
0.506924
0.494984
0.506296
0.427201
0.523102
0.180968
0.191665
0.226915
0.271992
0.160615
0.348800
0.000170
0.000003
0.000024
0.000014
0.000000
0.000030
0.000000
0.000000
0.000000
0.000044
0.000013
0.000006
0.000986
0.001759
0.000506
0.001838
0.000223
0.000082
0.068840
0.084548
0.158160
0.012258
0.031471
0.038823
0.009405
0.004975
0.032019
0.736396
0.311615
0.353205
0.371615
0.727167
0.691947
0.574739
0.578259
0.340217
0.208243
0.219460
0.177713
0.254758
0.222034
0.275465
0.498628
0.591304
0.475292
0.858862
0.630457
0.623156
0.065165
0.352108
0.301123
0.248194
0.168854
0.166290
0.054448
0.000000
0.011091
0.000716
0.018458
0.035106
0.000000
0.000000
0.000000
0.000001
0.000020
0.000247
0.000058
0.000622
0.000006
0.011706
0.047864
0.001305
0.005046
0.008978
0.007669
0.010926
0.032884
0.019793
0.007938
0.016223
0.001170
0.003646
0.117368
0.012728
0.081806
0.056574
0.066686
0.000000
0.000000
0.000000
0.000000
0.000000
0.000000
0.000000
0.000000
0.000000
0.445423
0.406481
0.258076
0.554365
0.686165
0.587977
0.118643
0.118295
0.152341
0.011515
0.029260
0.068353
0.039062
0.043784
0.092290
0.000000
0.000038
0.000014
0.000455
0.003235
0.001644
0.031400
0.352225
0.111736
0.872010
0.792067
0.775826
0.244556
0.372885
0.311790
0.016180
0.029988
0.028268
0.431351
0.215310
0.285476
0.000000
0.000000
0.000000
0.000000
0.000000
0.000000
0.119218
0.027029
0.002773
0.005396
0.003663
0.000690
0.004975
0.000788
0.016398
0.000005
0.000002
0.000207
0.000041
0.002302
0.000880
0.000000
0.000002
0.000000
0.003419
0.008765
0.003073
0.378117
0.226888
0.362814
0.618458
0.496657
0.420117
0.391758
0.558670
0.621537
0.464128
0.520990
0.465233
0.555806
0.731907
0.615053
0.526910
0.424708
0.484952
0.438176
0.145024
0.246577
0.686113
0.601699
0.650977
0.142960
0.168627
0.301673
0.000000
0.000000
0.000000
0.000000
0.000000
0.000000
0.178075
0.086116
0.013614
0.000444
0.000077
0.001254
0.000031
0.000625
0.002882
0.000003
0.000010
0.000030
0.074109
0.011358
0.031863
0.014196
0.003974
0.007619
0.507645
0.237185
0.143726
0.005062
0.002161
0.018173
0.427132
0.446841
0.444507
0.480360
0.390856
0.466307
0.139382
0.046910
0.076569
0.134654
0.350472
0.078786
0.028582
0.047412
0.092328
0.131824
0.225069
0.416746
0.254814
0.374584
0.134763
0.897361
0.821253
0.715111
0.000000
0.000000
0.000000
0.000000
0.000000
0.000000
0.028877
0.040767
0.002271
0.010969
0.001782
0.004632
0.027696
0.377082
0.112707
0.143836
0.374721
0.465649
0.805822
0.220318
0.454041
0.128800
0.039876
0.078629
0.034317
0.014578
0.008313
0.177320
0.068285
0.092828
0.004951
0.005545
0.007565
0.007629
0.019448
0.070112
0.000320
0.005452
0.000906
0.006241
0.001022
0.000027
0.011120
0.010066
0.008069
0.000000
0.000000
0.000000
0.000000
0.000000
0.000000
0.000000
0.000000
0.000000
0.000000
0.000000
0.000000
0.000000
0.000004
0.000000
0.383924
0.578190
0.020088
0.039979
0.071825
0.041492
0.187649
0.252085
0.143869
0.488901
0.338490
0.502759
0.135236
0.143280
0.177353
0.115685
0.109424
0.117753
0.190873
0.111887
0.063413
0.250372
0.050592
0.409340
0.407459
0.278615
0.401477
0.066214
0.045611
0.056691
0.003150
0.000397
0.012049
0.002760
0.000726
0.000687
0.000040
0.000761
0.000104
0.176142
0.558773
0.279529
0.730304
0.717981
0.710269
0.000606
0.011208
0.050019
0.000090
0.000527
0.000252
0.008734
0.006375
0.056366
0.305494
0.416183
0.511577
0.231715
0.445652
0.197352
0.301397
0.236870
0.229361
0.416898
0.176343
0.305070
0.000000
0.000000
0.003264
0.550892
0.339658
0.612262
0.000000
0.000001
0.000017
0.053910
0.044580
0.285486
0.323106
0.353344
0.606310
0.000002
0.000000
0.000394
0.019264
0.009250
0.010079
0.067750
0.000000
0.000000
0.269335
0.359574
0.119209
0.057521
0.000128
0.000632
0.187961
0.588626
0.110754
0.241377
0.000000
0.000000
0.000000
0.000000
0.000200
0.000013
0.000111
0.000004
0.000000
0.000000
0.000000
0.000000
0.000000
0.005020
0.000827
0.002313
0.000048
0.000002
0.000132
0.000206
0.019715
0.071889
0.009663
0.001284
0.224033
0.738985
0.358835
0.638570
0.531269
0.627233
0.519548
0.494285
0.271220
0.289247
0.124607
0.471758
0.595291
0.624417
0.514749
0.391161
0.278696
0.542397
0.446729
0.221645
0.171921
0.464157
0.521133
0.289386
0.000001
0.000001
0.000000
0.000001
0.001193
0.000931
0.002327
0.000000
0.005624
0.004261
0.000000
0.000000
0.000004
0.000002
0.000003
0.000000
0.000009
0.000171
0.000886
0.000268
0.002500
0.036643
0.054360
0.013535
0.023330
0.227098
0.105651
0.177586
0.039529
0.043735
0.222144
0.020335
0.029057
0.000140
0.000820
0.010324
0.005501
0.383418
0.443754
0.361411
0.384291
0.644065
0.771546
0.465734
0.762443
0.586459
0.432768
0.278142
0.255235
0.386492
0.223788
0.077880
0.163432
0.145046
0.244066
0.183256
0.270678
0.289742
0.370443
0.541370
0.247036
0.190069
0.114253
0.387815
0.776662
0.359991
0.680521
0.077060
0.281322
0.492469
0.176103
0.222634
0.734463
0.619583
0.807433
0.000000
0.000000
0.000000
0.000000
0.005551
0.002221
0.023328
0.000029
0.000816
0.000004
0.000000
0.000000
0.007380
0.055909
0.008417
0.000000
0.001238
0.000013
0.000780
0.000000
0.002153
0.051545
0.158384
0.292841
0.199762
0.289537
0.531618
0.745164
0.042231
0.076275
0.019827
0.013557
0.008656
0.006318
0.006968
0.522325
0.043186
0.025339
0.261383
0.006655
0.008029
0.000212
0.193688
0.008851
0.029465
0.212283
0.227496
0.000000
0.000000
0.000000
0.000000
0.000000
0.000000
0.000000
0.000000
0.000000
0.000000
0.000000
0.016933
0.027367
0.001999
0.303985
0.178695
0.220297
0.112671
0.089012
0.552035
0.602487
0.677467
0.127481
0.143460
0.101146
0.013097
0.091289
0.111561
0.055483
0.009687
0.008827
0.054793
0.116927
0.517570
0.117517
0.371101
0.018918
0.001795
0.000064
0.000157
0.000030
0.000231
0.558720
0.188495
0.627278
0.787353
0.442963
0.737378
0.007040
0.000924
0.018739
0.045258
0.510044
0.331626
0.488841
0.399451
0.365142
0.411283
0.117487
0.096864
0.100899
0.183369
0.080374
0.291339
0.407837
0.362328
0.000234
0.000002
0.006963
0.000000
0.001159
0.000549
0.017820
0.001301
0.000082
0.724192
0.280000
0.600354
0.650846
0.184375
0.358878
0.399444
0.083629
0.107497
0.000017
0.000006
0.000178
0.000000
0.000005
0.000001
0.000586
0.003006
0.001079
0.366744
0.282443
0.000160
0.000474
0.465523
0.395912
0.236229
0.362435
0.439062
0.238440
0.270626
0.251981
0.402311
0.594281
0.503310
0.110586
0.290193
0.043866
0.738062
0.485939
0.006679
0.006558
0.001942
0.000000
0.000000
0.000166
0.000670
0.000160
0.000301
0.549692
0.550809
0.017102
0.031805
0.003958
0.255163
0.000003
0.000324
0.000675
0.356461
0.538813
0.000000
0.000000
0.000000
0.000000
0.000000
0.274247
0.030520
0.536278
0.438855
0.098474
0.017896
0.006875
0.101139
0.055263
0.012149
0.105020
0.000000
0.020148
0.369619
0.171821
0.009835
0.765422
0.244254
0.121484
0.059653
0.210021
0.505048
0.000000
0.000000
0.002976
0.000881
0.014823
0.000000
0.268545
0.000000
0.000000
0.000000
0.000875
0.000073
0.000010
0.093988
0.227405
0.675792
0.102521
0.658410
0.112795
0.299562
0.486268
0.723162
0.047620
0.612074
0.221898
0.187723
0.156413
0.117078
0.171873
0.538875
0.000006
0.000000
0.000006
0.038476
0.000000
0.000354
0.122892
0.002076
0.004708
0.005052
0.395746
0.003268
0.375918
0.037339
0.000877
0.000001
0.550050
0.393298
0.143187
0.534102
0.164158
0.016144
0.525338
0.276777
0.150959
0.034776
0.012328
0.141426
0.397738
0.418937
0.217615
0.042804
0.628220
0.144139
0.876993
0.097248
0.390505
0.072026
0.000000
0.000000
0.005740
0.000000
0.000480
0.051433
0.145714
0.000000
0.005618
0.000000
0.000000
0.196903
0.332881
0.000331
0.480297
0.040096
0.380286
0.447191
0.000059
0.000065
0.000094
0.734818
0.622270
0.747465
0.000607
0.000275
0.000981
0.488456
0.480344
0.698681
0.257060
0.217604
0.336739
0.000103
0.000021
0.000174
0.000000
0.000000
0.000000
0.019245
0.002535
0.003850
0.380787
0.493988
0.405807
0.391776
0.260562
0.251494
0.000001
0.000000
0.000001
0.000065
0.000046
0.000003
0.029588
0.038973
0.013011
0.003339
0.006688
0.003717
0.832490
0.885082
0.621017
0.581611
0.543517
0.548048
0.357823
0.380932
0.356676
0.460889
0.598975
0.387977
0.642266
0.518391
0.559591
0.000000
0.000000
0.000000
0.000015
0.000033
0.000069
0.137677
0.099760
0.041894
0.124530
0.089995
0.068688
0.092112
0.124450
0.103944
0.000000
0.000000
0.000000
0.936522
0.849254
0.843676
0.018567
0.024010
0.032681
0.156128
0.032780
0.028681
0.667145
0.656219
0.615038
0.114230
0.126927
0.080579
0.000000
0.000005
0.000000
0.000001
0.000001
0.000042
0.000000
0.000000
0.000000
0.000030
0.000057
0.000136
0.484280
0.488662
0.502300
0.482647
0.473099
0.594594
0.191344
0.180683
0.160800
0.208188
0.224771
0.351364
0.000011
0.000022
0.000081
0.000001
0.000001
0.000015
0.000000
0.000000
0.000000
0.000023
0.000007
0.000016
0.001057
0.000911
0.000531
0.000987
0.000108
0.000541
0.079395
0.111798
0.104513
0.014491
0.021570
0.027084
0.012861
0.015532
0.024021
0.431125
0.299435
0.542079
0.557698
0.734185
0.603751
0.542830
0.437884
0.487141
0.255275
0.192026
0.165597
0.235789
0.266937
0.223176
0.649130
0.631143
0.585807
0.841592
0.746688
0.820052
0.187865
0.375527
0.195352
0.180397
0.142170
0.139133
0.001474
0.000175
0.022039
0.003795
0.034189
0.004144
0.000000
0.000000
0.000000
0.000004
0.000035
0.000012
0.000277
0.000110
0.000016
0.022215
0.008703
0.002807
0.005758
0.008942
0.005096
0.018756
0.020150
0.016086
0.007861
0.004570
0.008654
0.030185
0.043068
0.007205
0.107962
0.028730
0.047324
0.000000
0.000000
0.000000
0.000000
0.000000
0.000000
0.000000
0.000000
0.000000
0.426472
0.395654
0.355682
0.633990
0.651194
0.543068
0.106080
0.142008
0.143482
0.021405
0.029917
0.029151
0.032296
0.051651
0.050712
0.000003
0.000004
0.000001
0.002491
0.003305
0.001029
0.160799
0.301436
0.061922
0.877634
0.789594
0.858801
0.283191
0.368208
0.322797
0.019213
0.019104
0.013943
0.313399
0.298006
0.349893
0.000000
0.000000
0.000000
0.000000
0.000000
0.000000
0.067135
0.022939
0.038486
0.005134
0.001881
0.003487
0.002332
0.008307
0.006860
0.000001
0.000002
0.000014
0.000382
0.001282
0.000220
0.000000
0.000000
0.000000
0.008119
0.004351
0.002251
0.334035
0.257025
0.410444
0.598255
0.498269
0.563362
0.521672
0.620910
0.568660
0.448387
0.513756
0.468028
0.587768
0.662758
0.565500
0.533064
0.491330
0.529262
0.201472
0.181170
0.309579
0.667478
0.657137
0.802703
0.247766
0.203163
0.159530
0.000000
0.000000
0.000000
0.000001
0.000000
0.000000
0.250384
0.016883
0.075469
0.000129
0.000405
0.000405
0.000298
0.001158
0.000453
0.000005
0.000016
0.000008
0.022545
0.017395
0.028750
0.005791
0.006157
0.010814
0.312162
0.190089
0.339115
0.002568
0.012303
0.011850
0.434356
0.466826
0.439644
0.499429
0.469256
0.478110
0.061195
0.038249
0.111917
0.240867
0.181375
0.100656
0.038848
0.063163
0.081435
0.234518
0.360856
0.321797
0.368306
0.213252
0.207731
0.906788
0.875952
0.856209
0.000000
0.000000
0.000000
0.000000
0.000000
0.000000
0.017208
0.007225
0.004628
0.005438
0.003297
0.003743
0.171266
0.229053
0.047235
0.237135
0.313599
0.229007
0.645158
0.348979
0.696360
0.041595
0.059811
0.095031
0.027038
0.011801
0.015282
0.153762
0.120717
0.188281
0.005267
0.008235
0.006392
0.022142
0.018621
0.029832
0.000917
0.001074
0.000216
0.005922
0.000258
0.002147
0.003899
0.005832
0.006479
0.000000
0.000000
0.000000
0.000000
0.000000
0.000000
0.000000
0.000000
0.000000
0.000000
0.000000
0.000000
0.000001
0.000000
0.000000
0.599583
0.237713
0.194624
0.049419
0.044184
0.069583
0.179308
0.161814
0.163244
0.431657
0.425985
0.444409
0.148931
0.141680
0.169445
0.126446
0.117765
0.109236
0.134760
0.099711
0.103042
0.133323
0.259508
0.323752
0.314163
0.380193
0.389040
0.038862
0.116022
0.070161
0.001192
0.001842
0.008550
0.000645
0.000744
0.001290
0.000141
0.000352
0.000087
0.393542
0.318436
0.175505
0.730966
0.762970
0.686990
0.002626
0.022732
0.002669
0.000196
0.000368
0.000169
0.004198
0.019209
0.015248
0.361579
0.380551
0.394483
0.264876
0.279251
0.250582
0.266544
0.317708
0.240708
0.271417
0.211540
0.309144
0.000000
0.000000
0.000000
0.000559
0.000211
0.000338
0.575081
0.456821
0.558626
0.357206
0.396567
0.460825
0.000000
0.000000
0.000000
0.000134
0.000034
0.000060
0.054273
0.027203
0.036883
0.307226
0.378070
0.259447
0.413189
0.423208
0.336570
0.149376
0.311131
0.317657
0.000000
0.000000
0.000000
0.000297
0.000625
0.000109
0.016061
0.013272
0.013123
0.027511
0.020600
0.014547
0.000000
0.000000
0.000000
0.430190
0.542526
0.304122
0.059016
0.056192
0.115485
0.000104
0.000667
0.000189
0.602230
0.676648
0.320244
0.172143
0.208265
0.242820
0.000000
0.000000
0.000000
0.000000
0.000000
0.000000
0.000062
0.000013
0.000026
0.000032
0.000037
0.000003
0.000000
0.000000
0.000000
0.000000
0.000000
0.000000
0.000000
0.000000
0.000000
0.005020
0.006177
0.006442
0.000008
0.000069
0.000041
0.000031
0.000659
0.000130
0.000041
0.000139
0.000104
0.028650
0.046440
0.021133
0.010053
0.003316
0.001785
0.579369
0.551028
0.295990
0.625928
0.721332
0.783201
0.606296
0.601385
0.586513
0.397364
0.500260
0.476192
0.290020
0.279002
0.389484
0.360380
0.188114
0.258840
0.541417
0.654518
0.665494
0.518097
0.585562
0.571413
0.254283
0.449044
0.538457
0.331085
0.439984
0.358669
0.226312
0.226593
0.351810
0.181139
0.408533
0.155946
0.529992
0.394837
0.319011
0.000001
0.000000
0.000000
0.000000
0.000000
0.000002
0.004166
0.001703
0.007390
0.000641
0.002292
0.000902
0.000000
0.000000
0.000000
0.005591
0.000840
0.001642
0.000000
0.000000
0.000000
0.000003
0.000008
0.000010
0.000002
0.000003
0.000001
0.000000
0.000005
0.000001
0.000631
0.000098
0.000006
0.000274
0.000133
0.000112
0.002915
0.002857
0.002431
0.055885
0.047817
0.044827
0.020771
0.033698
0.046201
0.189659
0.163426
0.210160
0.015827
0.045489
0.058427
0.069902
0.056435
0.166085
0.015793
0.025386
0.019223
0.010135
0.009032
0.022961
0.000948
0.000886
0.000947
0.002528
0.004032
0.007281
0.391530
0.485231
0.455040
0.447424
0.463851
0.390019
0.572701
0.800799
0.582714
0.634528
0.645019
0.619816
0.815874
0.753601
0.879129
0.591138
0.669842
0.649421
0.447558
0.391488
0.399043
0.339968
0.301431
0.423727
0.104258
0.096856
0.177830
0.150531
0.071131
0.087953
0.134193
0.173369
0.145641
0.354952
0.400082
0.323526
0.300147
0.303942
0.354742
0.420165
0.471698
0.412698
0.304674
0.224655
0.247195
0.154185
0.270645
0.160836
0.833915
0.734768
0.591863
0.447787
0.676416
0.597601
0.235993
0.342220
0.209572
0.566506
0.727725
0.668821
0.356598
0.349210
0.227702
0.460737
0.808240
0.518758
0.696954
0.735429
0.696444
0.000000
0.000000
0.000000
0.000000
0.000000
0.000000
0.003888
0.003170
0.004292
0.004574
0.006410
0.009674
0.000000
0.000000
0.000000
0.000099
0.000000
0.000014
0.000000
0.000000
0.000000
0.051955
0.078273
0.019389
0.036900
0.079966
0.015143
0.000028
0.000412
0.000388
0.001291
0.000412
0.000022
0.000000
0.000000
0.000000
0.009085
0.031342
0.005972
0.220238
0.187801
0.058456
0.210936
0.242715
0.172072
0.602659
0.620469
0.514125
0.086034
0.400017
0.335846
0.037040
0.009713
0.026337
0.007661
0.011824
0.012060
0.014615
0.013538
0.006119
0.292103
0.343328
0.382484
0.014130
0.019121
0.019009
0.039096
0.201007
0.049711
0.005771
0.008999
0.006414
0.000987
0.000272
0.004751
0.083668
0.252092
0.078479
0.025600
0.079365
0.058935
0.121245
0.211162
0.159854
0.000000
0.000000
0.000000
0.000000
0.000000
0.000000
0.000000
0.000000
0.000000
0.000000
0.000000
0.000000
0.000000
0.000000
0.000000
0.000000
0.000000
0.000000
0.000000
0.000000
0.000000
0.009464
0.010348
0.015176
0.470927
0.143960
0.103507
0.188462
0.195445
0.099315
0.083720
0.098519
0.065356
0.655507
0.704754
0.579934
0.865381
0.621114
0.803965
0.124725
0.150680
0.129879
0.151643
0.143610
0.143639
0.010967
0.023695
0.045954
0.104910
0.121986
0.102118
0.042196
0.049752
0.047979
0.030918
0.009936
0.031531
0.062473
0.112254
0.081842
0.192386
0.195725
0.400487
0.101101
0.088256
0.034107
0.000116
0.000028
0.001052
0.000073
0.000069
0.000119
0.001400
0.001124
0.000132
0.416803
0.240938
0.262199
0.705528
0.656460
0.653710
0.765810
0.747088
0.750123
0.004526
0.005012
0.007372
0.029588
0.035759
0.022117
0.463001
0.611188
0.295471
0.571979
0.317783
0.475479
0.409631
0.425076
0.348421
0.527464
0.347747
0.370587
0.125873
0.068977
0.126608
0.104654
0.184565
0.138468
0.059451
0.143553
0.098074
0.173394
0.141753
0.090081
0.245521
0.323269
0.270689
0.000061
0.000022
0.000084
0.000002
0.000000
0.000000
0.000000
0.000000
0.000001
0.011258
0.000975
0.001939
0.000000
0.000000
0.000000
0.000000
0.000000
0.000000
0.001147
0.000615
0.000344
0.001576
0.000641
0.000698
0.015445
0.003677
0.002402
0.000044
0.000970
0.000092
0.000090
0.000024
0.000031
0.644107
0.619792
0.605526
0.545888
0.481200
0.726755
0.706688
0.632395
0.701576
0.595491
0.591623
0.658442
0.382502
0.358554
0.507616
0.555902
0.433203
0.512094
0.398559
0.345852
0.492417
0.451639
0.579248
0.472809
0.298933
0.151092
0.152140
0.141703
0.224748
0.185646
0.122564
0.144643
0.138818
0.000018
0.000013
0.000007
0.001115
0.000130
0.000794
0.000001
0.000001
0.000003
0.000085
0.000030
0.000078
0.000000
0.000000
0.000000
0.000000
0.000000
0.000000
0.000008
0.000002
0.000003
0.000013
0.000007
0.000005
0.000419
0.000600
0.000378
0.001456
0.001074
0.000787
0.002059
0.002192
0.001338
0.000388
0.000060
0.000028
0.266969
0.252473
0.285158
0.030393
0.026684
0.038227
0.095329
0.037144
0.057253
0.001324
0.002712
0.004432
0.029443
0.055697
0.043999
0.001910
0.001926
0.003082
0.449092
0.346456
0.383415
0.281326
0.330947
0.285707
0.725173
0.777659
0.694292
0.236934
0.245531
0.257922
0.692712
0.653998
0.744870
0.608554
0.458204
0.542777
0.225690
0.202740
0.240366
0.209200
0.287549
0.194266
0.199195
0.225031
0.164162
0.249652
0.281948
0.218551
0.284033
0.322725
0.283282
0.530904
0.487443
0.626635
0.492622
0.219631
0.256937
0.641638
0.763988
0.650068
0.303161
0.288103
0.309878
0.055731
0.037905
0.097652
0.288980
0.198144
0.333767
0.287873
0.529873
0.265702
0.021483
0.006912
0.008574
0.027844
0.089380
0.123407
0.000000
0.000000
0.000000
0.002295
0.000642
0.000876
0.003009
0.000047
0.002809
0.000000
0.000000
0.000000
0.000130
0.000749
0.000222
0.000126
0.001493
0.000644
0.000000
0.000005
0.000001
0.000024
0.000125
0.000052
0.000687
0.000369
0.000479
0.244602
0.504856
0.322968
0.009218
0.021964
0.012289
0.009974
0.019756
0.040386
0.006540
0.012051
0.013422
0.002540
0.004624
0.002850
0.004784
0.010973
0.008914
0.085588
0.081481
0.039329
0.000134
0.000628
0.000036
0.002223
0.011707
0.003840
0.000210
0.001546
0.000413
0.030974
0.053422
0.017530
0.049870
0.246926
0.053939
0.244694
0.434994
0.153075
0.000000
0.000000
0.000000
0.000000
0.000000
0.000000
0.000000
0.000000
0.000000
0.000000
0.000000
0.000000
0.000000
0.000000
0.000000
0.000000
0.000000
0.000000
0.070333
0.045639
0.067733
0.296369
0.418985
0.261578
0.179719
0.194769
0.120502
0.514546
0.582155
0.527724
0.348309
0.487135
0.374612
0.664057
0.449152
0.703630
0.103758
0.130340
0.113063
0.112454
0.088214
0.145516
0.004173
0.009473
0.018578
0.092808
0.125241
0.120735
0.054035
0.038446
0.047765
0.052549
0.075759
0.061256
0.011187
0.045726
0.057104
0.004323
0.006103
0.008567
0.000007
0.000026
0.000048
0.000001
0.000004
0.000000
0.000073
0.000399
0.000222
0.016356
0.012400
0.004379
0.222699
0.330681
0.052041
0.485967
0.702588
0.609163
0.063611
0.174506
0.111248
0.007201
0.022101
0.024584
0.389454
0.750958
0.725737
0.787242
0.765123
0.727658
0.201903
0.284632
0.305857
0.049435
0.066934
0.143862
0.081281
0.038225
0.043635
0.343330
0.402097
0.380578
0.219745
0.287748
0.291204
0.187324
0.296095
0.320789
0.000000
0.000000
0.000000
0.000001
0.000000
0.000002
0.000000
0.000000
0.000000
0.000785
0.000317
0.000964
0.002260
0.000482
0.000454
0.012148
0.008456
0.009360
0.000000
0.000000
0.000000
0.066620
0.004045
0.000052
0.000000
0.000000
0.000000
0.000000
0.000000
0.000000
0.000987
0.001798
0.001816
0.002236
0.002178
0.004923
0.001352
0.000625
0.001494
0.000000
0.000000
0.000000
0.000759
0.001068
0.000158
0.000134
0.000962
0.000306
0.000198
0.000433
0.000032
0.043142
0.022283
0.015715
0.226158
0.496181
0.114565
0.488083
0.212145
0.160505
0.416283
0.372298
0.487398
0.096909
0.129150
0.107775
0.288250
0.320837
0.283020
0.463699
0.491327
0.531127
0.592840
0.632110
0.612702
0.620094
0.618467
0.660818
0.124930
0.070278
0.076703
0.615586
0.551736
0.526265
0.229011
0.261555
0.218315
0.560212
0.577641
0.485226
0.279059
0.248436
0.388343
0.289832
0.224863
0.232913
0.361719
0.308156
0.195442
0.661963
0.305968
0.621266
0.340014
0.211910
0.298265
0.151147
0.184399
0.139288
0.195702
0.150583
0.204236
0.545287
0.557298
0.505431
0.000000
0.000000
0.000000
0.000005
0.000004
0.000006
0.000000
0.000000
0.000000
0.000066
0.000067
0.000011
0.272381
0.214013
0.079440
0.023522
0.001464
0.004492
0.000000
0.000000
0.000000
0.000350
0.000907
0.000371
0.006834
0.017225
0.158026
0.000001
0.000001
0.000005
0.000205
0.000278
0.000908
0.000012
0.000009
0.000005
0.003968
0.001645
0.001070
0.004390
0.006294
0.001527
0.004725
0.011433
0.008783
0.275088
0.105695
0.100490
0.368553
0.313769
0.293375
0.011815
0.005377
0.006645
0.301585
0.299187
0.370961
0.114377
0.037702
0.060315
0.009778
0.001833
0.012472
0.000946
0.003111
0.000336
0.000003
0.000007
0.000004
0.453091
0.468592
0.535421
0.382935
0.376156
0.404769
0.424472
0.384620
0.429548
0.467303
0.614987
0.421939
0.289587
0.229006
0.308019
0.374324
0.282421
0.236983
0.351178
0.488111
0.382516
0.198273
0.035067
0.071728
0.250261
0.158653
0.211866
0.044559
0.064370
0.046427
0.336486
0.250362
0.380238
0.446656
0.439995
0.346882
0.175958
0.209030
0.188788
0.008710
0.009849
0.047285
0.023150
0.047839
0.049332
0.244359
0.199518
0.279990
0.324741
0.357312
0.338989
0.320929
0.301077
0.227077
0.053849
0.039915
0.023199
0.459114
0.419392
0.305149
0.119532
0.101510
0.114306
0.599308
0.649326
0.716104
0.647705
0.619906
0.506863
0.153679
0.124222
0.179615
0.199059
0.394783
0.478290
0.843152
0.878230
0.951114
0.059287
0.101677
0.069421
0.406415
0.223323
0.271635
0.000000
0.000000
0.000000
0.000000
0.000000
0.000000
0.000000
0.000000
0.000000
0.004860
0.000102
0.000558
0.000000
0.000000
0.000000
0.001128
0.005313
0.001013
0.096659
0.100536
0.039038
0.078292
0.094938
0.033693
0.000000
0.000000
0.000000
0.005362
0.003666
0.001845
0.000000
0.000000
0.000000
0.073997
0.130815
0.129333
0.520343
0.494262
0.461229
0.000352
0.000808
0.000799
0.479813
0.521761
0.401630
0.005555
0.000443
0.000643
0.000004
0.000045
0.000002
0.000930
0.000209
0.000525
0.340977
0.423315
0.533786
0.001990
0.033804
0.009986
0.364892
0.442094
0.376862
0.513597
0.231881
0.252384
0.754252
0.802501
0.821514
0.048313
0.145737
0.157392
0.109216
0.028857
0.044390
0.112864
0.065660
0.035043
0.044157
0.110707
0.063578
0.012134
0.005947
0.007827
0.438199
0.470213
0.358070
0.008648
0.000031
0.007605
0.095619
0.037345
0.078840
0.000600
0.004199
0.003581
0.229864
0.856889
0.646396
0.000009
0.000002
0.000001
0.008462
0.016249
0.007883
0.041258
0.021455
0.055926
0.003055
0.001888
0.001465
0.299852
0.486091
0.488376
0.000487
0.003434
0.004211
0.030104
0.023724
0.027665
0.000000
0.000000
0.000000
0.000000
0.000000
0.000000
0.000000
0.000000
0.000000
0.000000
0.000000
0.000000
0.000000
0.000000
0.000000
0.000000
0.000000
0.000000
0.000000
0.000000
0.000000
0.000000
0.000000
0.000000
0.000000
0.000000
0.000000
0.000000
0.000000
0.000000
0.000000
0.000000
0.000000
0.000096
0.000043
0.000000
0.015764
0.011414
0.011916
0.000536
0.000446
0.000010
0.123881
0.064321
0.070691
0.210054
0.250145
0.141173
0.512305
0.468702
0.485153
0.533858
0.400819
0.288045
0.872336
0.727886
0.890545
0.249434
0.140281
0.319604
0.167206
0.120261
0.190434
0.079456
0.075179
0.082352
0.048691
0.061093
0.062203
0.377865
0.263732
0.260376
0.305158
0.124187
0.255606
0.009593
0.006699
0.021639
0.123715
0.155566
0.198092
0.003328
0.007378
0.008290
0.013720
0.007454
0.006583
0.472982
0.490501
0.523970
0.554121
0.421465
0.531194
0.218610
0.291621
0.482615
0.083196
0.107043
0.147386
0.004978
0.001656
0.007362
0.001493
0.001502
0.003090
0.000011
0.000000
0.000002
0.133811
0.095716
0.160810
0.308889
0.428887
0.407680
0.152922
0.249351
0.102647
0.063596
0.459460
0.301618
0.718272
0.734095
0.684439
0.000492
0.000607
0.000212
0.002455
0.010681
0.001919
0.000481
0.001536
0.003662
0.676043
0.588091
0.725820
0.507092
0.481589
0.468106
0.204296
0.216082
0.220075
0.513026
0.534247
0.511689
0.135209
0.150136
0.144945
0.494515
0.322462
0.339825
0.615103
0.498086
0.458903
0.257620
0.301190
0.128616
0.285645
0.262186
0.245714
0.108942
0.086523
0.081470
0.258486
0.245422
0.210809
0.001441
0.000847
0.000107
0.000051
0.002087
0.000384
0.736606
0.730990
0.660274
0.629291
0.575017
0.629122
0.001168
0.000900
0.000882
0.000324
0.000146
0.000245
0.743405
0.720681
0.547050
0.324836
0.380369
0.647825
0.325246
0.303844
0.198619
0.170908
0.311556
0.281943
0.000274
0.000086
0.000124
0.000101
0.000020
0.000004
0.000000
0.000000
0.000000
0.000000
0.000000
0.000000
0.012971
0.002282
0.037414
0.023589
0.001680
0.000159
0.437568
0.450106
0.310256
0.360745
0.408986
0.461170
0.178078
0.154917
0.402526
0.531731
0.192181
0.156972
0.000062
0.000002
0.000018
0.000000
0.000000
0.000000
0.000000
0.000000
0.000107
0.000210
0.000105
0.000035
0.014746
0.009082
0.023925
0.019307
0.033194
0.009620
0.000638
0.002623
0.001668
0.001949
0.005106
0.003681
0.565131
0.592855
0.694015
0.842610
0.931314
0.899719
0.514593
0.562409
0.467477
0.375754
0.586240
0.657602
0.356611
0.390300
0.462764
0.358519
0.299958
0.334455
0.178022
0.293832
0.351325
0.433324
0.617721
0.681244
0.513325
0.421330
0.808059
0.722400
0.499983
0.442230
0.000004
0.000001
0.000000
0.000000
0.000000
0.000000
0.000008
0.000009
0.000028
0.000001
0.000010
0.000080
0.027611
0.015346
0.194388
0.238175
0.117018
0.081198
0.046440
0.038651
0.089091
0.157139
0.229467
0.048281
0.096975
0.099815
0.082991
0.143800
0.162235
0.133315
0.000000
0.000000
0.000000
0.000000
0.000000
0.000000
0.820879
0.680216
0.925402
0.931072
0.866124
0.828407
0.019458
0.030451
0.017223
0.036333
0.036673
0.026596
0.015847
0.012969
0.204136
0.371434
0.040851
0.005272
0.348952
0.486629
0.614996
0.733995
0.565251
0.645038
0.059563
0.053954
0.127564
0.136530
0.267150
0.149906
0.000000
0.000015
0.000000
0.000000
0.000006
0.000011
0.000479
0.000036
0.000001
0.000000
0.000000
0.000000
0.000000
0.000000
0.000000
0.000000
0.000000
0.000000
0.000058
0.000043
0.000217
0.000068
0.000165
0.000357
0.544365
0.515707
0.496390
0.409996
0.544541
0.506567
0.465882
0.576628
0.370584
0.425477
0.332502
0.349115
0.267904
0.325256
0.130881
0.185958
0.226203
0.216957
0.410788
0.431322
0.157078
0.097172
0.188609
0.325403
0.000305
0.000103
0.000003
0.000002
0.000003
0.000009
0.000076
0.000231
0.000003
0.000000
0.000000
0.000002
0.000000
0.000000
0.000000
0.000000
0.000000
0.000001
0.000029
0.000016
0.000064
0.000037
0.000003
0.000003
0.000390
0.000279
0.001249
0.001396
0.000981
0.000956
0.000997
0.000332
0.002101
0.001604
0.000022
0.000024
0.064284
0.151978
0.047350
0.088980
0.119272
0.187780
0.015757
0.042919
0.005965
0.008956
0.040553
0.036657
0.033888
0.058618
0.004128
0.001610
0.008432
0.018228
0.829200
0.617211
0.710227
0.384333
0.302619
0.375225
0.433419
0.709560
0.442949
0.701182
0.741873
0.765684
0.533005
0.357229
0.660045
0.661138
0.449985
0.398196
0.164517
0.181375
0.279049
0.256659
0.152791
0.142689
0.176136
0.240043
0.266671
0.253894
0.254967
0.264800
0.473768
0.546415
0.495317
0.564461
0.553314
0.506888
0.652746
0.640853
0.820404
0.664175
0.485690
0.367450
0.189845
0.284024
0.058157
0.216911
0.262611
0.291349
0.177039
0.127510
0.321360
0.210827
0.261254
0.308225
0.112436
0.063532
0.013756
0.000025
0.000000
0.000061
0.001037
0.003992
0.000466
0.003348
0.019340
0.048994
0.000000
0.000000
0.000000
0.000000
0.000000
0.000000
0.000002
0.000018
0.000001
0.000008
0.000133
0.000326
0.000009
0.000001
0.001288
0.001327
0.000311
0.000049
0.001151
0.000315
0.047350
0.074646
0.075600
0.006239
0.002655
0.003354
0.005932
0.006654
0.010772
0.012791
0.011716
0.017717
0.032823
0.059424
0.025827
0.025880
0.002312
0.000451
0.052378
0.014826
0.002233
0.001846
0.000801
0.001091
0.019191
0.062364
0.134749
0.051748
0.157294
0.066426
0.111750
0.098095
0.095993
0.026965
0.000000
0.000000
0.000000
0.000000
0.000000
0.000000
0.000000
0.000000
0.000000
0.000000
0.000000
0.000000
0.000000
0.000000
0.000000
0.000000
0.000000
0.000000
0.482156
0.305706
0.503870
0.418454
0.406154
0.391680
0.407880
0.443762
0.686402
0.754808
0.747691
0.631984
0.146908
0.112795
0.055453
0.062454
0.124215
0.180382
0.055601
0.080258
0.020611
0.021604
0.033369
0.038525
0.055618
0.072223
0.030002
0.036738
0.058800
0.084517
0.000001
0.000006
0.000007
0.000018
0.000038
0.000023
0.000641
0.000250
0.002846
0.010148
0.007587
0.001974
0.048637
0.059426
0.051088
0.131877
0.550179
0.279655
0.826146
0.795367
0.876232
0.865327
0.726140
0.742723
0.253679
0.238467
0.238028
0.356273
0.335170
0.289164
0.021294
0.016591
0.023959
0.024651
0.055322
0.042221
0.316636
0.392920
0.316793
0.230836
0.298083
0.254701
0.000000
0.000000
0.000000
0.000000
0.000000
0.000000
0.000000
0.000000
0.000000
0.000000
0.000000
0.000000
0.049012
0.006769
0.094859
0.032779
0.009926
0.002426
0.004371
0.000690
0.012307
0.014071
0.001530
0.000559
0.009130
0.051344
0.001044
0.002165
0.002874
0.014284
0.000162
0.000665
0.000008
0.000009
0.000004
0.000028
0.000006
0.000070
0.000056
0.000291
0.005227
0.002708
0.000000
0.000000
0.000000
0.000003
0.000002
0.000000
0.000255
0.000522
0.004787
0.029849
0.002076
0.004172
0.519033
0.521040
0.323998
0.318212
0.160625
0.212278
0.539375
0.441119
0.557373
0.577090
0.343219
0.298173
0.512264
0.537510
0.452005
0.538048
0.640918
0.636364
0.444855
0.454793
0.351445
0.405800
0.582002
0.495699
0.609916
0.606087
0.614121
0.703942
0.726854
0.660179
0.458206
0.459639
0.566992
0.431860
0.390344
0.499282
0.481004
0.385405
0.320635
0.189614
0.158975
0.154416
0.659905
0.761522
0.618658
0.589922
0.361992
0.259493
0.216070
0.180488
0.097861
0.089168
0.290890
0.325788
0.000000
0.000000
0.000000
0.000000
0.000000
0.000000
0.000000
0.000000
0.000000
0.000001
0.000000
0.000000
0.005495
0.005901
0.378282
0.413126
0.007285
0.002564
0.000774
0.000729
0.000164
0.000136
0.000178
0.000696
0.000076
0.000882
0.000033
0.000108
0.002265
0.003386
0.000006
0.000017
0.000002
0.000007
0.000047
0.000078
0.158927
0.090406
0.036197
0.011751
0.008382
0.014005
0.026114
0.020463
0.007459
0.004021
0.001747
0.002715
0.434788
0.325716
0.555556
0.236298
0.101268
0.105641
0.025298
0.021078
0.000788
0.000853
0.013509
0.021346
0.384207
0.409132
0.448211
0.522619
0.452225
0.417986
0.488063
0.528443
0.387330
0.439406
0.374520
0.368646
0.207460
0.188571
0.086065
0.054400
0.025452
0.029741
0.072171
0.054963
0.220754
0.482942
0.216664
0.117179
0.069888
0.104332
0.011897
0.016386
0.114963
0.150881
0.172091
0.375127
0.120376
0.197959
0.230027
0.355643
0.232526
0.109463
0.325280
0.386990
0.218214
0.140033
0.777404
0.703760
0.908166
0.794367
0.750695
0.680314
0.000000
0.000000
0.000000
0.000000
0.000000
0.000000
0.000000
0.000000
0.000000
0.000000
0.000000
0.000000
0.004661
0.001393
0.126096
0.079735
0.013190
0.004586
0.008258
0.003057
0.022984
0.007143
0.001545
0.002706
0.011617
0.013186
0.101454
0.356284
0.363341
0.203000
0.130892
0.346792
0.183262
0.380164
0.361140
0.475355
0.750627
0.735965
0.789998
0.463646
0.110951
0.207398
0.274636
0.226682
0.029064
0.032495
0.056082
0.031575
0.026780
0.013712
0.029486
0.034175
0.008437
0.005860
0.083772
0.115718
0.121139
0.082443
0.046184
0.057753
0.005423
0.004285
0.001815
0.001652
0.011387
0.018706
0.011619
0.013956
0.008246
0.013075
0.301291
0.083250
0.000054
0.000168
0.000757
0.002025
0.012104
0.004103
0.003970
0.000403
0.014459
0.019919
0.000066
0.000016
0.017981
0.011974
0.011176
0.006726
0.011338
0.023310
0.000000
0.000000
0.000000
0.000000
0.000000
0.000000
0.000000
0.000000
0.000000
0.000000
0.000000
0.000000
0.000000
0.000000
0.000000
0.000000
0.000000
0.000000
0.000000
0.000000
0.000000
0.000000
0.000000
0.000000
0.000000
0.000000
0.000069
0.000468
0.000001
0.000000
0.071376
0.014904
0.638125
0.698927
0.238610
0.034746
0.048705
0.045533
0.073344
0.088339
0.094364
0.105719
0.183218
0.263269
0.156484
0.239988
0.198561
0.137532
0.456697
0.374862
0.509554
0.401116
0.450752
0.616094
0.168568
0.170970
0.104147
0.143221
0.101904
0.106322
0.117675
0.144207
0.148142
0.128894
0.098261
0.085821
0.100239
0.066151
0.255432
0.191277
0.079266
0.070439
0.305216
0.356629
0.021783
0.014031
0.232826
0.332229
0.454989
0.400160
0.337185
0.197306
0.369200
0.494239
0.142767
0.080665
0.069419
0.021661
0.031541
0.076246
0.017128
0.044220
0.000527
0.000305
0.000228
0.002047
0.003956
0.003305
0.003278
0.003573
0.000318
0.000357
0.000027
0.000046
0.000067
0.000419
0.002693
0.001991
0.134343
0.252968
0.491867
0.649162
0.418311
0.277370
0.715689
0.748244
0.724091
0.714808
0.806041
0.762532
0.000612
0.007163
0.001127
0.006089
0.075737
0.124578
0.000045
0.000287
0.000016
0.000138
0.000625
0.000432
0.022939
0.033814
0.002962
0.001137
0.028169
0.159629
0.333485
0.489349
0.246471
0.320601
0.223297
0.418075
0.246597
0.182542
0.329984
0.398339
0.316731
0.278351
0.315558
0.180794
0.262822
0.211479
0.304297
0.265095
0.430414
0.444477
0.300184
0.192972
0.177300
0.225986
0.000000
0.000000
0.000000
0.000000
0.002672
0.000345
0.530105
0.458619
0.274127
0.452400
0.431617
0.486118
0.000000
0.000000
0.000000
0.000000
0.000035
0.000009
0.052257
0.037538
0.070308
0.038330
0.324846
0.303843
0.293068
0.294976
0.423448
0.402326
0.570320
0.734896
0.000071
0.000000
0.000000
0.000000
0.000046
0.004187
0.010028
0.005844
0.012868
0.018614
0.002170
0.067445
0.072253
0.015627
0.000000
0.000000
0.000000
0.000000
0.121389
0.224754
0.381135
0.528906
0.122693
0.043457
0.047105
0.056800
0.000073
0.000207
0.000117
0.003177
0.150922
0.233540
0.461387
0.744442
0.236230
0.074960
0.105026
0.249140
0.000008
0.000000
0.000000
0.000000
0.000000
0.000000
0.000000
0.000000
0.000083
0.000589
0.000235
0.000064
0.000004
0.000022
0.000001
0.000055
0.000000
0.000000
0.000000
0.000035
0.000000
0.000000
0.000000
0.000000
0.000000
0.000000
0.002531
0.001872
0.000809
0.000293
0.002215
0.001972
0.000050
0.000095
0.000005
0.000001
0.000034
0.002335
0.000071
0.001292
0.010817
0.032944
0.104078
0.108555
0.000483
0.005860
0.006151
0.001141
0.218746
0.402735
0.482232
0.815514
0.568750
0.369630
0.804541
0.589571
0.551721
0.512729
0.582574
0.627049
0.555490
0.505019
0.566777
0.373287
0.219371
0.302334
0.244203
0.350364
0.161721
0.090699
0.563827
0.632822
0.373853
0.448051
0.590876
0.611295
0.429297
0.519387
0.714362
0.581709
0.157169
0.164698
0.384311
0.378233
0.388910
0.350907
0.478051
0.134936
0.127694
0.157274
0.460676
0.440129
0.130699
0.580580
0.349042
0.261721
0.000001
0.000000
0.000001
0.000001
0.000000
0.000000
0.000004
0.000000
0.000684
0.001301
0.000492
0.000302
0.001694
0.002429
0.000000
0.000001
0.000451
0.007609
0.011172
0.000371
0.000000
0.000000
0.000000
0.000000
0.000020
0.000001
0.000001
0.000006
0.000002
0.000004
0.000000
0.000003
0.000000
0.000023
0.000000
0.010064
0.006258
0.000441
0.000394
0.000221
0.001635
0.002525
0.014369
0.041640
0.065664
0.023695
0.017933
0.013405
0.009085
0.030920
0.349921
0.304799
0.207743
0.140503
0.109920
0.081732
0.069427
0.018339
0.256881
0.029142
0.036470
0.128368
0.036312
0.037931
0.055925
0.007375
0.000056
0.000374
0.000379
0.001578
0.003441
0.011988
0.007880
0.004578
0.407565
0.412448
0.401536
0.502174
0.390679
0.396903
0.339018
0.471642
0.249926
0.813564
0.630881
0.755805
0.584475
0.520538
0.735712
0.739175
0.578330
0.611124
0.512597
0.456391
0.303322
0.322038
0.488324
0.345167
0.246701
0.237175
0.354124
0.313228
0.135802
0.081088
0.059970
0.092209
0.114098
0.277629
0.134164
0.268258
0.217987
0.243300
0.234713
0.280195
0.391546
0.353016
0.348836
0.432688
0.542150
0.526213
0.238168
0.318166
0.155858
0.160881
0.146172
0.147029
0.253521
0.537270
0.468770
0.854259
0.451276
0.649031
0.251949
0.718477
0.137314
0.079495
0.125332
0.376352
0.383323
0.512081
0.163688
0.258090
0.189189
0.260312
0.585305
0.830187
0.643161
0.683006
0.573876
0.766416
0.000002
0.000000
0.000000
0.000000
0.000000
0.000000
0.000000
0.000000
0.001042
0.003762
0.019784
0.019990
0.105286
0.004016
0.000000
0.000248
0.000245
0.001952
0.000379
0.000000
0.000000
0.000000
0.000000
0.000000
0.003036
0.003217
0.014829
0.097050
0.002327
0.036190
0.000002
0.001386
0.000000
0.000177
0.000006
0.000110
0.002656
0.000263
0.000000
0.000000
0.000463
0.003789
0.030045
0.143001
0.200246
0.150491
0.187775
0.308524
0.241553
0.281077
0.431786
0.549325
0.212842
0.311257
0.596392
0.730496
0.083336
0.027890
0.051350
0.021091
0.097515
0.039149
0.006189
0.006460
0.003969
0.009733
0.003930
0.024171
0.390928
0.023343
0.008706
0.266086
0.006752
0.004406
0.054390
0.032184
0.120155
0.378182
0.019619
0.010285
0.001561
0.002022
0.000291
0.000478
0.162161
0.122945
0.021104
0.005928
0.011297
0.054335
0.189194
0.160061
0.316449
0.364406
0.000000
0.000000
0.000000
0.000000
0.000000
0.000000
0.000000
0.000000
0.000000
0.000000
0.000000
0.000000
0.000000
0.000000
0.000000
0.000000
0.000000
0.000000
0.000000
0.000000
0.000000
0.000000
0.012829
0.004079
0.029111
0.053223
0.017394
0.004263
0.213891
0.501391
0.156679
0.096267
0.232454
0.301387
0.398413
0.132215
0.213337
0.117056
0.341728
0.749639
0.833043
0.855658
0.348456
0.478586
0.138335
0.130929
0.137923
0.139643
0.094362
0.102205
0.139449
0.004884
0.057444
0.082772
0.126358
0.109967
0.052542
0.037168
0.014157
0.017469
0.007716
0.011737
0.062021
0.035381
0.096690
0.084265
0.637486
0.630987
0.153972
0.075122
0.161254
0.296067
0.033100
0.026457
0.000810
0.000298
0.000255
0.000166
0.000017
0.000010
0.000007
0.000059
0.000064
0.001172
0.020960
0.597355
0.391787
0.223792
0.385971
0.253778
0.734586
0.774181
0.736677
0.619494
0.671330
0.728961
0.003192
0.005090
0.009055
0.001876
0.007000
0.016642
0.056631
0.072028
0.101015
0.751928
0.613186
0.505150
0.242742
0.381983
0.433114
0.539467
0.344516
0.327720
0.452481
0.268622
0.138954
0.182087
0.058571
0.047450
0.046973
0.222946
0.108540
0.217699
0.064377
0.112454
0.242377
0.176340
0.255830
0.244515
0.544472
0.498905
0.000441
0.000009
0.000086
0.000001
0.061881
0.000002
0.000000
0.000000
0.000339
0.005440
0.000216
0.000424
0.000450
0.043054
0.021954
0.002068
0.000197
0.000006
0.341389
0.623417
0.709083
0.509705
0.703135
0.732065
0.521249
0.581572
0.248100
0.155107
0.398710
0.468319
0.363837
0.247604
0.141532
0.242833
0.085174
0.138557
0.000007
0.000005
0.000042
0.000004
0.000212
0.000042
0.000000
0.000000
0.000003
0.000001
0.000011
0.000001
0.000486
0.000945
0.002268
0.003768
0.002097
0.000364
0.305645
0.342224
0.288747
0.314104
0.000184
0.000225
0.000836
0.000481
0.411068
0.379583
0.650085
0.380488
0.380371
0.355916
0.342520
0.393900
0.556129
0.264009
0.182182
0.245863
0.232414
0.160798
0.307960
0.276198
0.483180
0.363432
0.454200
0.619416
0.314621
0.159850
0.633595
0.155193
0.253856
0.173598
0.046401
0.055595
0.452547
0.519337
0.930876
0.783359
0.002017
0.004571
0.029824
0.000055
0.007198
0.000663
0.000000
0.000000
0.000000
0.000000
0.000243
0.000225
0.000123
0.000864
0.000022
0.000245
0.000101
0.004139
0.423090
0.192835
0.583327
0.646972
0.023139
0.009055
0.055827
0.061099
0.003568
0.002922
0.212644
0.173737
0.000004
0.000012
0.000491
0.000389
0.000133
0.009093
0.131250
0.166162
0.678541
0.811280
0.000000
0.000000
0.000000
0.000000
0.000000
0.000000
0.000000
0.000000
0.000000
0.000000
0.038058
0.221227
0.154926
0.033635
0.356601
0.515558
0.816712
0.178017
0.111805
0.077563
0.043146
0.001941
0.003114
0.008545
0.070564
0.066705
0.191735
0.122598
0.092237
0.001867
0.036443
0.089058
0.000001
0.000002
0.037625
0.029296
0.006934
0.332144
0.613603
0.544692
0.021620
0.003089
0.781232
0.783221
0.215255
0.157655
0.060751
0.149539
0.108673
0.042870
0.360059
0.240873
0.486764
0.578496
0.000000
0.000000
0.000000
0.000000
0.001545
0.001502
0.000322
0.010062
0.026336
0.019064
0.000000
0.000000
0.232085
0.083882
0.000000
0.000003
0.000000
0.000503
0.000000
0.000000
0.002820
0.000261
0.000046
0.002003
0.000003
0.000198
0.117332
0.185070
0.129404
0.711594
0.136008
0.823464
0.452114
0.156862
0.669777
0.597779
0.245900
0.169504
0.198597
0.240835
0.582771
0.449462
0.534792
0.699952
0.096702
0.052554
0.753654
0.503873
0.215162
0.200340
0.301212
0.153135
0.356194
0.069282
0.169469
0.168423
0.048617
0.293408
0.447828
0.670899
0.000004
0.000005
0.000000
0.000000
0.000002
0.000037
0.006379
0.084452
0.000000
0.000000
0.000606
0.001137
0.241995
0.022308
0.002504
0.000662
0.002220
0.005835
0.002528
0.027332
0.399039
0.378109
0.006261
0.001933
0.362944
0.354751
0.044800
0.018459
0.000213
0.004008
0.000004
0.000051
0.659184
0.377926
0.415222
0.339180
0.133493
0.119451
0.419362
0.515878
0.091608
0.016097
0.226153
0.011914
0.549566
0.358967
0.159266
0.438479
0.134018
0.199992
0.075778
0.026916
0.012308
0.040842
0.265057
0.102893
0.219003
0.464569
0.112300
0.450003
0.416539
0.371999
0.034069
0.046574
0.598986
0.764464
0.078785
0.142288
0.953163
0.808096
0.035522
0.197579
0.321905
0.587289
0.083000
0.054882
0.000000
0.000000
0.000000
0.000000
0.001260
0.001731
0.000000
0.000000
0.000317
0.000621
0.013615
0.172751
0.202019
0.063878
0.000000
0.000000
0.013296
0.009287
0.000000
0.000000
0.000000
0.000000
0.245075
0.132450
0.325078
0.473810
0.000616
0.000403
0.682407
0.296654
0.002438
0.131298
0.332494
0.332556
0.363020
0.441378
