2415
1122
2900
979
2046
978
2897
694
1623
3866
4890
2756
2755
3779
3778
2762
2761
3785
3784
2768
2767
4683
4682
2780
2779
4349
4348
2786
2785
4910
3690
3691
608
2650
4210
1845
866
4212
4214
3312
417
1347
418
2252
864
1842
603
1535
605
2644
1181
3077
780
1710
781
2179
1053
3080
1238
2873
1118
2403
496
1426
497
1756
1757
4096
3459
1419
1421
3457
4708
2863
2862
4930
4376
1997
1996
4380
3816
1601
1600
3820
4932
2959
2958
4743
3519
1449
1451
3517
33
3506
513
3504
167
3916
718
3915
72
3923
722
3919
211
4151
2576
2574
983
2055
379
1309
380
2052
698
1628
696
