2417
3474
3475
2412
2414
4098
4099
2409
2411
4432
4429
2040
2042
976
2883
2885
3846
290
4373
947
4374
291
3880
2062
2063
986
2060
2058
4449
162
3491
506
3487
161
3892
706
3891
70
3898
709
3897
3896
3743
632
1562
3738
4308
1932
1933
3191
126
3384
1385
1383
454
2319
2320
4305
3770
1575
646
3772
266
4784
2538
2539
552
1482
1483
3586
42
4128
825
4129
43
3589
557
2542
1051
2176
1052
2180
781
1711
782
3073
1241
2878
4960
3050
3049
4013
4012
3059
3058
4019
4018
2530
2529
3573
192
3275
1327
1326
3272
3717
1548
1550
3714
242
4250
886
4251
115
3352
436
3351
12
3119
320
2287
440
1370
438
2291
2289
4652
251
4723
1122
